dra,ddec,mag
-9.01265,-7.68164,17.13
-8.98857,-7.67057,17.13
-8.96448,-7.659489999999999,17.14
-8.94037,-7.64841,17.14
-8.91625,-7.63732,17.14
-8.89213,-7.62622,17.14
-8.867980000000001,-7.61512,17.14
-8.84383,-7.604019999999999,17.14
-8.81967,-7.592910000000001,17.14
-8.79549,-7.58179,17.14
-8.77131,-7.57067,17.14
-8.747110000000001,-7.559539999999999,17.14
-8.7229,-7.5484100000000005,17.14
-8.69868,-7.5372699999999995,17.14
-8.67445,-7.52613,17.14
-8.6502,-7.51498,17.14
-8.62595,-7.503830000000001,17.14
-8.60168,-7.4926699999999995,17.15
-8.57741,-7.481510000000001,17.15
-8.55312,-7.470339999999999,17.15
-8.52882,-7.459169999999999,17.15
-8.50451,-7.447989999999999,17.15
-8.480189999999999,-7.4368,17.15
-8.455860000000001,-7.425610000000001,17.15
-8.431519999999999,-7.41442,17.15
-8.407160000000001,-7.40322,17.15
-8.3828,-7.39202,17.15
-8.358419999999999,-7.38081,17.15
-8.33404,-7.36959,17.15
-8.30964,-7.35838,17.15
-8.28523,-7.34715,17.15
-8.260810000000001,-7.33592,17.15
-8.23638,-7.3246899999999995,17.16
-8.21195,-7.31345,17.16
-8.1875,-7.3022100000000005,17.16
-8.163030000000001,-7.290960000000001,17.16
-8.13856,-7.2797,17.16
-8.11408,-7.26845,17.16
-8.08959,-7.25718,17.16
-8.06509,-7.24592,17.16
-8.040569999999999,-7.23464,17.16
-8.01605,-7.22337,17.16
-7.9915199999999995,-7.21208,17.16
-7.96697,-7.2008,17.16
-7.942419999999999,-7.1895,17.16
-7.917860000000001,-7.178210000000001,17.16
-7.89328,-7.166910000000001,17.16
-7.8687,-7.1556,17.17
-7.8441,-7.14429,17.17
-7.8195,-7.13298,17.17
-7.79489,-7.12166,17.17
-7.77026,-7.11033,17.17
-7.74563,-7.099,17.17
-7.72098,-7.08767,17.17
-7.696330000000001,-7.0763300000000005,17.17
-7.67167,-7.064989999999999,17.17
-7.64699,-7.05364,17.17
-7.622310000000001,-7.0422899999999995,17.17
-7.59762,-7.030939999999999,17.17
-7.57291,-7.01957,17.17
-7.5482,-7.008210000000001,17.17
-7.52348,-6.99684,17.17
-7.49875,-6.985469999999999,17.17
-7.474010000000001,-6.9740899999999995,17.18
-7.449260000000001,-6.96271,17.18
-7.4245,-6.95132,17.18
-7.39973,-6.93993,17.18
-7.37495,-6.92853,17.18
-7.350160000000001,-6.91713,17.18
-7.325360000000001,-6.90573,17.18
-7.300560000000001,-6.89432,17.18
-7.275739999999999,-6.882910000000001,17.18
-7.25092,-6.87149,17.18
-7.2260800000000005,-6.8600699999999994,17.18
-7.201239999999999,-6.84864,17.18
-7.17639,-6.837210000000001,17.18
-7.15152,-6.82578,17.18
-7.12665,-6.81434,17.18
-7.10177,-6.8029,17.19
-7.07688,-6.79145,17.19
-7.051989999999999,-6.78,17.19
-7.027080000000001,-6.76855,17.19
-7.002160000000001,-6.75709,17.19
-6.977239999999999,-6.74562,17.19
-6.952310000000001,-6.73416,17.19
-6.92737,-6.722689999999999,17.19
-6.902410000000001,-6.71121,17.19
-6.877460000000001,-6.699730000000001,17.19
-6.8524899999999995,-6.68825,17.19
-6.82751,-6.676760000000001,17.19
-6.80253,-6.66527,17.19
-6.7775300000000005,-6.65378,17.19
-6.75253,-6.64228,17.19
-6.727519999999999,-6.63077,17.19
-6.7025,-6.619269999999999,17.2
-6.67747,-6.607760000000001,17.2
-6.6524399999999995,-6.596239999999999,17.2
-6.627389999999999,-6.58473,17.2
-6.602339999999999,-6.5732,17.2
-6.57728,-6.56168,17.2
-6.55221,-6.55015,17.2
-6.52714,-6.53861,17.2
-6.50205,-6.527080000000001,17.2
-6.47696,-6.5155400000000006,17.2
-6.45186,-6.50399,17.2
-6.42675,-6.49244,17.2
-6.40163,-6.4808900000000005,17.2
-6.37651,-6.46934,17.2
-6.351369999999999,-6.4577800000000005,17.2
-6.326230000000001,-6.44621,17.21
-6.301080000000001,-6.43465,17.21
-6.275930000000001,-6.423080000000001,17.21
-6.25076,-6.4115,17.21
-6.22559,-6.39993,17.21
-6.20041,-6.38834,17.21
-6.1752199999999995,-6.37676,17.21
-6.15003,-6.36517,17.21
-6.12482,-6.35358,17.21
-6.09961,-6.34199,17.21
-6.07439,-6.33039,17.21
-6.049169999999999,-6.31878,17.21
-6.02393,-6.307180000000001,17.21
-5.99869,-6.29557,17.21
-5.97345,-6.2839599999999995,17.21
-5.94819,-6.27234,17.21
-5.92293,-6.26072,17.22
-5.89766,-6.2491,17.22
-5.872380000000001,-6.237480000000001,17.22
-5.8471,-6.22585,17.22
-5.82181,-6.21421,17.22
-5.79651,-6.20258,17.22
-5.7712,-6.19094,17.22
-5.74589,-6.1793,17.22
-5.7205699999999995,-6.16765,17.22
-5.69524,-6.156,17.22
-5.66991,-6.14435,17.22
-5.64457,-6.1327,17.22
-5.619219999999999,-6.12104,17.22
-5.59387,-6.109380000000001,17.22
-5.5685,-6.09771,17.22
-5.54314,-6.086040000000001,17.22
-5.51776,-6.07437,17.23
-5.492380000000001,-6.0627,17.23
-5.46699,-6.051019999999999,17.23
-5.44159,-6.03934,17.23
-5.41619,-6.02766,17.23
-5.39078,-6.015969999999999,17.23
-5.3653699999999995,-6.0042800000000005,17.23
-5.33995,-5.99259,17.23
-5.31452,-5.9808900000000005,17.23
-5.28908,-5.96919,17.23
-5.2636400000000005,-5.95749,17.23
-5.23819,-5.945790000000001,17.23
-5.21274,-5.934080000000001,17.23
-5.18728,-5.92237,17.23
-5.16181,-5.91066,17.23
-5.136340000000001,-5.8989400000000005,17.23
-5.11086,-5.88722,17.24
-5.085369999999999,-5.8755,17.24
-5.059880000000001,-5.86377,17.24
-5.0343800000000005,-5.85205,17.24
-5.00888,-5.84031,17.24
-4.98337,-5.8285800000000005,17.24
-4.95785,-5.81685,17.24
-4.93233,-5.80511,17.24
-4.9068,-5.79336,17.24
-4.88126,-5.781619999999999,17.24
-4.85572,-5.76987,17.24
-4.83018,-5.75812,17.24
-4.80463,-5.74637,17.24
-4.77907,-5.73461,17.24
-4.7535,-5.72286,17.24
-4.727930000000001,-5.7111,17.25
-4.70236,-5.699330000000001,17.25
-4.67678,-5.68757,17.25
-4.65119,-5.6758,17.25
-4.6256,-5.66403,17.25
-4.6,-5.65225,17.25
-4.57439,-5.64047,17.25
-4.548780000000001,-5.6287,17.25
-4.5231699999999995,-5.61691,17.25
-4.49755,-5.60513,17.25
-4.47192,-5.59334,17.25
-4.44629,-5.58155,17.25
-4.42065,-5.56976,17.25
-4.39501,-5.55797,17.25
-4.36937,-5.54617,17.25
-4.34371,-5.53437,17.25
-4.31806,-5.52257,17.26
-4.29239,-5.51077,17.26
-4.266719999999999,-5.49896,17.26
-4.24105,-5.48715,17.26
-4.21537,-5.47534,17.26
-4.189690000000001,-5.46353,17.26
-4.164,-5.45171,17.26
-4.13831,-5.43989,17.26
-4.11261,-5.42807,17.26
-4.0869,-5.41625,17.26
-4.0612,-5.4044300000000005,17.26
-4.035480000000001,-5.3926,17.26
-4.00976,-5.38077,17.26
-3.9840400000000002,-5.36894,17.26
-3.95831,-5.3571,17.26
-3.93258,-5.345269999999999,17.26
-3.9068400000000003,-5.33343,17.27
-3.8811,-5.3215900000000005,17.27
-3.8553599999999997,-5.30975,17.27
-3.8296,-5.2979,17.27
-3.80385,-5.28606,17.27
-3.77809,-5.27421,17.27
-3.7523199999999997,-5.26236,17.27
-3.72655,-5.2505,17.27
-3.7007800000000004,-5.23865,17.27
-3.675,-5.22679,17.27
-3.6492199999999997,-5.214930000000001,17.27
-3.6234300000000004,-5.203069999999999,17.27
-3.59764,-5.19121,17.27
-3.5718400000000003,-5.17934,17.27
-3.54604,-5.16747,17.27
-3.5202400000000003,-5.1556,17.27
-3.4944300000000004,-5.143730000000001,17.27
-3.4686199999999996,-5.13186,17.28
-3.4428,-5.1199900000000005,17.28
-3.41698,-5.10811,17.28
-3.3911599999999997,-5.09623,17.28
-3.36533,-5.08435,17.28
-3.33949,-5.07247,17.28
-3.31366,-5.06058,17.28
-3.2878199999999995,-5.0487,17.28
-3.2619700000000003,-5.03681,17.28
-3.23612,-5.02492,17.28
-3.21027,-5.0130300000000005,17.28
-3.1844099999999997,-5.00113,17.28
-3.15855,-4.989240000000001,17.28
-3.13269,-4.97734,17.28
-3.10682,-4.96544,17.28
-3.08095,-4.95354,17.28
-3.05507,-4.9416400000000005,17.29
-3.0291900000000003,-4.92974,17.29
-3.00331,-4.91783,17.29
-2.97743,-4.90592,17.29
-2.95154,-4.894019999999999,17.29
-2.92564,-4.8821,17.29
-2.89975,-4.87019,17.29
-2.87385,-4.858280000000001,17.29
-2.8479400000000004,-4.84636,17.29
-2.82203,-4.83445,17.29
-2.79612,-4.82253,17.29
-2.77021,-4.81061,17.29
-2.7442900000000003,-4.798690000000001,17.29
-2.71837,-4.78676,17.29
-2.69245,-4.77484,17.29
-2.6665200000000002,-4.76291,17.29
-2.64059,-4.75098,17.3
-2.6146599999999998,-4.73905,17.3
-2.58872,-4.727119999999999,17.3
-2.56278,-4.71519,17.3
-2.53684,-4.70326,17.3
-2.5108900000000003,-4.691319999999999,17.3
-2.48494,-4.67939,17.3
-2.45899,-4.66745,17.3
-2.43304,-4.65551,17.3
-2.40708,-4.6435699999999995,17.3
-2.38112,-4.63163,17.3
-2.3551599999999997,-4.619680000000001,17.3
-2.32919,-4.60774,17.3
-2.30322,-4.59579,17.3
-2.27725,-4.58385,17.3
-2.25128,-4.5719,17.3
-2.2253,-4.55995,17.3
-2.19932,-4.548,17.31
-2.17334,-4.53604,17.31
-2.14735,-4.52409,17.31
-2.1213599999999997,-4.5121400000000005,17.31
-2.09537,-4.50018,17.31
-2.0693799999999998,-4.48822,17.31
-2.04338,-4.47626,17.31
-2.0173900000000002,-4.4643,17.31
-1.9913900000000002,-4.45234,17.31
-1.96538,-4.44038,17.31
-1.9393799999999999,-4.42842,17.31
-1.91337,-4.41646,17.31
-1.88736,-4.40449,17.31
-1.86135,-4.392519999999999,17.31
-1.83533,-4.38056,17.31
-1.80932,-4.36859,17.31
-1.7833,-4.3566199999999995,17.32
-1.75728,-4.34465,17.32
-1.73125,-4.33268,17.32
-1.70523,-4.3207,17.32
-1.6792,-4.308730000000001,17.32
-1.65317,-4.29676,17.32
-1.62714,-4.2847800000000005,17.32
-1.60111,-4.27281,17.32
-1.57507,-4.26083,17.32
-1.54903,-4.24885,17.32
-1.523,-4.23687,17.32
-1.49695,-4.22489,17.32
-1.47091,-4.21291,17.32
-1.44487,-4.2009300000000005,17.32
-1.41882,-4.18895,17.32
-1.39277,-4.17696,17.32
-1.3667200000000002,-4.16498,17.32
-1.34067,-4.15299,17.33
-1.3146200000000001,-4.14101,17.33
-1.28856,-4.12902,17.33
-1.2625,-4.117030000000001,17.33
-1.23644,-4.10504,17.33
-1.21038,-4.09305,17.33
-1.18432,-4.08106,17.33
-1.15826,-4.06907,17.33
-1.13219,-4.05708,17.33
-1.1061299999999998,-4.04509,17.33
-1.08006,-4.0331,17.33
-1.05399,-4.0211,17.33
-1.0279200000000002,-4.00911,17.33
-1.00185,-3.9971099999999997,17.33
-0.97578,-3.9851199999999998,17.33
-0.9497,-3.9731199999999998,17.33
-0.92363,-3.9611300000000003,17.34
-0.89755,-3.9491300000000003,17.34
-0.8714700000000001,-3.9371300000000002,17.34
-0.84539,-3.9251300000000002,17.34
-0.81931,-3.91313,17.34
-0.79323,-3.90113,17.34
-0.76715,-3.88913,17.34
-0.74107,-3.87713,17.34
-0.7149800000000001,-3.86513,17.34
-0.6889,-3.85313,17.34
-0.66281,-3.84113,17.34
-0.63672,-3.82913,17.34
-0.61063,-3.8171199999999996,17.34
-0.58454,-3.8051199999999996,17.34
-0.55845,-3.79311,17.34
-0.53236,-3.78111,17.34
-0.50627,-3.76911,17.34
-0.48018,-3.7571,17.35
-0.45408999999999994,-3.7450900000000003,17.35
-0.42799,-3.7330900000000002,17.35
-0.4019,-3.72108,17.35
-0.3758,-3.7090699999999996,17.35
-0.34970999999999997,-3.6970699999999996,17.35
-0.32361,-3.68506,17.35
-0.29751,-3.67305,17.35
-0.27141,-3.6610400000000003,17.35
-0.24531,-3.64903,17.35
-0.21921999999999997,-3.63703,17.35
-0.19312,-3.6250199999999997,17.35
-0.16702,-3.61301,17.35
-0.14092000000000002,-3.601,17.35
-0.11481,-3.5889900000000003,17.35
-0.08871,-3.5769800000000003,17.35
-0.06261,-3.5649699999999998,17.35
-0.03651,-3.5529599999999997,17.36
-0.010409999999999999,-3.54095,17.36
0.015694999999999997,-3.52894,17.36
0.041797,-3.51692,17.36
0.0679,-3.5049099999999997,17.36
0.094003,-3.4929,17.36
0.12010599999999999,-3.48089,17.36
0.14620999999999998,-3.4688800000000004,17.36
0.17231300000000002,-3.45687,17.36
0.198417,-3.44485,17.36
0.224521,-3.43284,17.36
0.250625,-3.4208300000000005,17.36
0.27672800000000003,-3.4088199999999995,17.36
0.302832,-3.39681,17.36
0.328936,-3.38479,17.36
0.355039,-3.37278,17.36
0.381143,-3.3607699999999996,17.36
0.407246,-3.34876,17.37
0.433349,-3.33675,17.37
0.459452,-3.32473,17.37
0.485555,-3.3127199999999997,17.37
0.511658,-3.30071,17.37
0.53776,-3.2887,17.37
0.563862,-3.27668,17.37
0.589964,-3.26467,17.37
0.616065,-3.2526599999999997,17.37
0.642167,-3.24065,17.37
0.668267,-3.22864,17.37
0.694367,-3.21663,17.37
0.720467,-3.2046099999999997,17.37
0.746567,-3.1926,17.37
0.7726649999999999,-3.18059,17.37
0.798764,-3.16858,17.37
0.8248620000000001,-3.15657,17.37
0.850959,-3.14456,17.38
0.877056,-3.13255,17.38
0.9031520000000001,-3.12054,17.38
0.9292469999999999,-3.10853,17.38
0.955342,-3.09652,17.38
0.9814360000000001,-3.08451,17.38
1.0075290000000001,-3.0725,17.38
1.033621,-3.06049,17.38
1.059713,-3.04848,17.38
1.085804,-3.03647,17.38
1.1118940000000002,-3.02447,17.38
1.137984,-3.01246,17.38
1.164072,-3.00045,17.38
1.19016,-2.98844,17.38
1.216246,-2.97644,17.38
1.242332,-2.96443,17.38
1.268416,-2.95242,17.38
1.2945,-2.94042,17.39
1.320583,-2.92841,17.39
1.3466639999999999,-2.91641,17.39
1.372745,-2.9044,17.39
1.398824,-2.8924,17.39
1.4249100000000001,-2.8803900000000002,17.39
1.450986,-2.86839,17.39
1.477062,-2.85639,17.39
1.503136,-2.84438,17.39
1.52921,-2.83238,17.39
1.555281,-2.82038,17.39
1.581352,-2.80838,17.39
1.607422,-2.79638,17.39
1.6334899999999999,-2.78438,17.39
1.659556,-2.77238,17.39
1.6856220000000002,-2.76038,17.39
1.711686,-2.74839,17.39
1.7377479999999998,-2.73639,17.39
1.763809,-2.72439,17.4
1.789869,-2.7124,17.4
1.815927,-2.7004,17.4
1.8419830000000001,-2.6884,17.4
1.868039,-2.6764099999999997,17.4
1.8940919999999999,-2.6644200000000002,17.4
1.9201439999999999,-2.65242,17.4
1.946194,-2.64043,17.4
1.972243,-2.6284400000000003,17.4
1.9982900000000001,-2.61645,17.4
2.0243349999999998,-2.60446,17.4
2.050379,-2.59247,17.4
2.076421,-2.58048,17.4
2.102461,-2.56849,17.4
2.128499,-2.5565,17.4
2.1545349999999996,-2.54451,17.4
2.18057,-2.53253,17.4
2.206603,-2.52054,17.41
2.232634,-2.5085599999999997,17.41
2.2586630000000003,-2.49657,17.41
2.2846900000000003,-2.4845900000000003,17.41
2.310715,-2.47261,17.41
2.336738,-2.46063,17.41
2.3627599999999997,-2.44865,17.41
2.388779,-2.43667,17.41
2.414796,-2.42469,17.41
2.440811,-2.4127099999999997,17.41
2.4668240000000003,-2.40073,17.41
2.492835,-2.38876,17.41
2.518844,-2.37678,17.41
2.54485,-2.3648,17.41
2.570855,-2.35283,17.41
2.596857,-2.3408599999999997,17.41
2.6228569999999998,-2.3288900000000003,17.41
2.648854,-2.31691,17.41
2.67485,-2.30494,17.42
2.700843,-2.29298,17.42
2.726834,-2.2810099999999998,17.42
2.752822,-2.26904,17.42
2.778808,-2.25707,17.42
2.804792,-2.24511,17.42
2.8307729999999998,-2.23314,17.42
2.856752,-2.22118,17.42
2.8827279999999997,-2.20922,17.42
2.908702,-2.19726,17.42
2.9346740000000002,-2.1853,17.42
2.960642,-2.17334,17.42
2.986609,-2.16138,17.42
3.012572,-2.14942,17.42
3.038534,-2.13747,17.42
3.064492,-2.12551,17.42
3.090448,-2.1135599999999997,17.42
3.1164009999999998,-2.10161,17.42
3.1423520000000003,-2.08965,17.43
3.168299,-2.0777,17.43
3.194245,-2.06575,17.43
3.2201869999999997,-2.05381,17.43
3.246126,-2.04186,17.43
3.272063,-2.0299099999999997,17.43
3.297997,-2.01797,17.43
3.323928,-2.00603,17.43
3.349857,-1.9940799999999999,17.43
3.375782,-1.9821400000000002,17.43
3.401704,-1.9702,17.43
3.427624,-1.95826,17.43
3.4535400000000003,-1.94633,17.43
3.479454,-1.93439,17.43
3.5053650000000003,-1.9224599999999998,17.43
3.531272,-1.91052,17.43
3.557177,-1.8985900000000002,17.43
3.583078,-1.8866599999999998,17.43
3.608977,-1.87473,17.44
3.634872,-1.8628,17.44
3.660764,-1.85087,17.44
3.6866529999999997,-1.83895,17.44
3.712539,-1.82702,17.44
3.738422,-1.8151,17.44
3.764301,-1.80318,17.44
3.7901769999999995,-1.7912599999999999,17.44
3.81605,-1.7793400000000001,17.44
3.8419199999999996,-1.76742,17.44
3.867786,-1.7555,17.44
3.893649,-1.7435900000000002,17.44
3.9195089999999997,-1.73167,17.44
3.9453660000000004,-1.71976,17.44
3.971219,-1.70785,17.44
3.997069,-1.6959400000000002,17.44
4.022915,-1.68403,17.44
4.048758,-1.67213,17.44
4.074598,-1.66022,17.45
4.100434,-1.64832,17.45
4.126266,-1.63642,17.45
4.152095,-1.62452,17.45
4.1779209999999996,-1.6126200000000002,17.45
4.203743,-1.6007200000000001,17.45
4.229561,-1.5888200000000001,17.45
4.255376,-1.57693,17.45
4.281187,-1.56504,17.45
4.306994,-1.55314,17.45
4.332798,-1.54125,17.45
4.3585970000000005,-1.5293700000000001,17.45
4.384394,-1.51748,17.45
4.410186,-1.50559,17.45
4.435975,-1.49371,17.45
4.46176,-1.48183,17.45
4.487541,-1.46995,17.45
4.513279,-1.45836,17.45
4.539052,-1.44648,17.46
4.564822,-1.43461,17.46
4.5905879999999994,-1.4227299999999998,17.46
4.61635,-1.41086,17.46
4.642108,-1.39899,17.46
4.667862,-1.3871200000000001,17.46
4.693612,-1.37525,17.46
4.719358000000001,-1.3633899999999999,17.46
4.7451,-1.35152,17.46
4.7708379999999995,-1.33966,17.46
4.796572,-1.3278,17.46
4.822302,-1.3159399999999999,17.46
4.848028,-1.30409,17.46
4.87375,-1.29223,17.46
4.899468,-1.2803799999999999,17.46
4.925180999999999,-1.26853,17.46
4.95089,-1.25668,17.46
4.976596,-1.2448299999999999,17.46
5.002297,-1.23298,17.47
5.027993,-1.22114,17.47
5.053686,-1.20929,17.47
5.079374,-1.19745,17.47
5.1050580000000005,-1.18561,17.47
5.130738,-1.1737799999999998,17.47
5.156413,-1.16194,17.47
5.182084,-1.15011,17.47
5.20775,-1.1382700000000001,17.47
5.233413,-1.1264399999999999,17.47
5.2590699999999995,-1.1146200000000002,17.47
5.284724,-1.10279,17.47
5.310373,-1.09096,17.47
5.336017,-1.07914,17.47
5.361657,-1.06732,17.47
5.387293,-1.0555,17.47
5.412923999999999,-1.04369,17.47
5.43855,-1.03187,17.47
5.4641720000000005,-1.02006,17.48
5.48979,-1.00825,17.48
5.515402,-0.99644,17.48
5.541011,-0.9846299999999999,17.48
5.5666139999999995,-0.97282,17.48
5.592213,-0.9610200000000001,17.48
5.617807,-0.9492200000000001,17.48
5.643397,-0.93742,17.48
5.668981,-0.9256200000000001,17.48
5.694561,-0.9138299999999999,17.48
5.720137,-0.9020299999999999,17.48
5.745707,-0.8902399999999999,17.48
5.771273000000001,-0.87845,17.48
5.796834,-0.86667,17.48
5.82239,-0.85488,17.48
5.8479410000000005,-0.8431,17.48
5.873487,-0.8313200000000001,17.48
5.8990290000000005,-0.8195399999999999,17.48
5.924566,-0.80776,17.48
5.950097,-0.79599,17.49
5.975624,-0.7842100000000001,17.49
6.001146,-0.77244,17.49
6.026663,-0.76067,17.49
6.052174,-0.7489100000000001,17.49
6.077681,-0.73714,17.49
6.1031830000000005,-0.72538,17.49
6.12868,-0.71362,17.49
6.154172,-0.70186,17.49
6.179658,-0.69011,17.49
6.20514,-0.67835,17.49
6.230616,-0.6666,17.49
6.256088,-0.65485,17.49
6.281554,-0.6431,17.49
6.307015,-0.63136,17.49
6.33247,-0.61962,17.49
6.357921,-0.60788,17.49
6.3833660000000005,-0.59614,17.49
6.408807,-0.5844,17.49
6.434241,-0.57267,17.5
6.459671,-0.56094,17.5
6.485094999999999,-0.5492100000000001,17.5
6.510514,-0.5374800000000001,17.5
6.535928,-0.52576,17.5
6.561336,-0.51403,17.5
6.586739,-0.50231,17.5
6.612137,-0.49058999999999997,17.5
6.637529,-0.47888000000000003,17.5
6.662916,-0.46717,17.5
6.688297,-0.45545,17.5
6.713673,-0.44375,17.5
6.739043,-0.43204,17.5
6.764408,-0.42033000000000004,17.5
6.789768,-0.40863,17.5
6.815121,-0.39693,17.5
6.84047,-0.38524,17.5
6.865813,-0.37354,17.5
6.89115,-0.36185,17.5
6.916481,-0.35015999999999997,17.51
6.941807000000001,-0.33847,17.51
6.967128,-0.32679,17.51
6.992442,-0.3151,17.51
7.017751,-0.30341999999999997,17.51
7.043054,-0.29175,17.51
7.068352,-0.28007,17.51
7.093642999999999,-0.2684,17.51
7.118929,-0.25673,17.51
7.14421,-0.24506,17.51
7.169484,-0.23339000000000001,17.51
7.1947529999999995,-0.22173,17.51
7.220016,-0.21006999999999998,17.51
7.245272999999999,-0.19841,17.51
7.270524000000001,-0.18675,17.51
7.29577,-0.1751,17.51
7.321008999999999,-0.16345,17.51
7.346242999999999,-0.1518,17.51
7.3714710000000006,-0.14015,17.51
7.396692999999999,-0.12850999999999999,17.52
7.421908999999999,-0.11687,17.52
7.447119,-0.10522999999999999,17.52
7.472322999999999,-0.0936,17.52
7.497521000000001,-0.08196,17.52
7.522713,-0.07032999999999999,17.52
7.547899,-0.0587,17.52
7.573078999999999,-0.047080000000000004,17.52
7.598253,-0.03545,17.52
7.6234210000000004,-0.02383,17.52
7.648583,-0.01222,17.52
7.673739,-0.0006,17.52
7.698889,0.011012000000000001,17.52
7.724033,0.022622999999999997,17.52
7.7491699999999994,0.034230000000000003,17.52
7.7743009999999995,0.045835,17.52
7.7994259999999995,0.057438,17.52
7.824545,0.069037,17.52
7.849658,0.080634,17.52
7.874764999999999,0.09222899999999999,17.53
7.899864999999999,0.10382100000000001,17.53
7.924958999999999,0.11540999999999998,17.53
7.9500470000000005,0.126996,17.53
7.975128999999999,0.13858,17.53
8.000204,0.150161,17.53
8.025273,0.16174000000000002,17.53
8.050335,0.173315,17.53
8.075391999999999,0.184889,17.53
8.100441,0.196459,17.53
8.125485000000001,0.208027,17.53
8.150522,0.219592,17.53
8.175553,0.231154,17.53
8.200578,0.242713,17.53
8.225596000000001,0.25427,17.53
8.250608,0.265825,17.53
8.275613,0.277376,17.53
8.300612,0.288925,17.53
8.325605,0.300471,17.53
8.350589999999999,0.312014,17.53
8.37557,0.323554,17.54
8.400542999999999,0.335092,17.54
8.425509,0.346627,17.54
8.450469,0.358159,17.54
8.475422,0.369688,17.54
8.500368,0.381215,17.54
8.525308,0.39273800000000003,17.54
8.550241999999999,0.40425900000000003,17.54
8.575168,0.41577700000000006,17.54
8.600088000000001,0.427292,17.54
8.625002,0.43880399999999997,17.54
8.649908,0.45031400000000005,17.54
8.674808,0.461821,17.54
8.699701,0.47332399999999997,17.54
8.724588,0.484825,17.54
8.749467,0.49632299999999996,17.54
8.774339999999999,0.507818,17.54
8.799206,0.519311,17.54
8.824066,0.5308,17.54
8.848918,0.5422859999999999,17.55
8.873764,0.55377,17.55
8.898603,0.5652510000000001,17.55
8.923435000000001,0.576728,17.55
8.948260000000001,0.5882029999999999,17.55
8.973078,0.599675,17.55
8.99789,0.6111439999999999,17.55
9.022694,0.62261,17.55
9.047492,0.634073,17.55
9.072282000000001,0.645533,17.55
9.097066,0.656991,17.55
9.121843,0.668445,17.55
9.146613,0.6798960000000001,17.55
9.171375,0.691344,17.55
9.196131,0.7027899999999999,17.55
9.220880000000001,0.714232,17.55
9.245621,0.725671,17.55
9.270356,0.737108,17.55
9.295083,0.748541,17.55
9.319804,0.759971,17.55
9.344517,0.7713979999999999,17.56
9.369188000000001,0.782826,17.56
9.393888,0.794247,17.56
9.418579,0.805666,17.56
9.443264,0.8170810000000001,17.56
9.467941999999999,0.828493,17.56
9.492612,0.839902,17.56
9.517275999999999,0.851308,17.56
9.541932000000001,0.8627100000000001,17.56
9.56658,0.87411,17.56
9.591222,0.8855069999999999,17.56
9.615855999999999,0.8969010000000001,17.56
9.640483,0.908291,17.56
9.665103,0.9196790000000001,17.56
9.689716,0.931063,17.56
9.714321,0.9424440000000001,17.56
9.738919000000001,0.953822,17.56
9.76351,0.965197,17.56
9.788093,0.976569,17.56
9.812669,0.9879379999999999,17.56
9.837237,0.9993040000000001,17.57
9.861798,1.010666,17.57
9.886352,1.022025,17.57
9.910899,1.033382,17.57
9.935437,1.044735,17.57
9.959969000000001,1.056085,17.57
9.984492999999999,1.067431,17.57
10.00901,1.078775,17.57
10.03352,1.090115,17.57
10.058019999999999,1.101452,17.57
10.082510000000001,1.112786,17.57
10.107,1.124117,17.57
10.13148,1.135445,17.57
10.15595,1.1467690000000001,17.57
10.18042,1.15809,17.57
10.20487,1.169408,17.57
10.22932,1.180723,17.57
10.25376,1.192034,17.57
10.2782,1.203343,17.57
10.30262,1.214648,17.57
10.32704,1.225949,17.58
10.35145,1.237248,17.58
10.375860000000001,1.248543,17.58
10.40025,1.259835,17.58
10.42464,1.271124,17.58
10.449019999999999,1.282409,17.58
10.47339,1.293692,17.58
10.497760000000001,1.30497,17.58
10.522110000000001,1.3162459999999998,17.58
10.54646,1.327518,17.58
10.5708,1.3387870000000002,17.58
10.595139999999999,1.3500530000000002,17.58
10.61946,1.361315,17.58
10.64378,1.372575,17.58
10.66809,1.38383,17.58
10.6924,1.395083,17.58
10.71669,1.406332,17.58
10.74098,1.417578,17.58
10.765260000000001,1.42882,17.58
10.789530000000001,1.440059,17.58
10.81379,1.451295,17.58
10.83805,1.4625270000000001,17.59
10.86229,1.4737559999999998,17.59
10.88653,1.484982,17.59
10.91077,1.496204,17.59
10.934989999999999,1.507423,17.59
10.9592,1.5186389999999999,17.59
10.983410000000001,1.529851,17.59
11.007610000000001,1.541059,17.59
11.0318,1.552265,17.59
11.05599,1.563467,17.59
11.080160000000001,1.574665,17.59
11.104330000000001,1.58586,17.59
11.12849,1.5970520000000001,17.59
11.15264,1.60824,17.59
11.176789999999999,1.619425,17.59
11.20092,1.630607,17.59
11.22505,1.6417849999999998,17.59
11.24917,1.652959,17.59
11.27328,1.6641299999999999,17.59
11.29739,1.675298,17.59
11.321480000000001,1.686462,17.59
11.34557,1.6976229999999999,17.6
11.36965,1.70878,17.6
11.39372,1.719934,17.6
11.41778,1.731084,17.6
11.44184,1.742231,17.6
11.46588,1.7533740000000002,17.6
11.48992,1.764514,17.6
11.51395,1.77565,17.6
11.53797,1.7867830000000002,17.6
11.56199,1.797913,17.6
11.585989999999999,1.8090380000000001,17.6
11.60999,1.8201610000000001,17.6
11.633980000000001,1.831279,17.6
11.657960000000001,1.842395,17.6
11.68193,1.853506,17.6
11.7059,1.8646150000000001,17.6
11.72985,1.87572,17.6
11.7538,1.8868209999999999,17.6
11.77774,1.897919,17.6
11.80167,1.909013,17.6
11.82559,1.920104,17.6
11.84951,1.9311909999999999,17.61
11.87342,1.942275,17.61
11.897310000000001,1.953355,17.61
11.9212,1.964431,17.61
11.94508,1.9755040000000001,17.61
11.968960000000001,1.986574,17.61
11.99282,1.997639,17.61
12.016680000000001,2.008701,17.61
12.040519999999999,2.0197599999999998,17.61
12.06436,2.030815,17.61
12.088189999999999,2.041866,17.61
12.11202,2.052914,17.61
12.13583,2.063958,17.61
12.15963,2.074998,17.61
12.18343,2.086035,17.61
12.20722,2.097068,17.61
12.231,2.108098,17.61
12.254769999999999,2.1191240000000002,17.61
12.27853,2.130146,17.61
12.30229,2.141165,17.61
12.326030000000001,2.15218,17.61
12.34977,2.163191,17.62
12.3735,2.174199,17.62
12.397219999999999,2.185203,17.62
12.42093,2.1962029999999997,17.62
12.44463,2.2072,17.62
12.46832,2.218193,17.62
12.49201,2.2291819999999998,17.62
12.51568,2.240168,17.62
12.53935,2.2511490000000003,17.62
12.56301,2.2621279999999997,17.62
12.58666,2.273102,17.62
12.6103,2.284073,17.62
12.633939999999999,2.29504,17.62
12.65756,2.306003,17.62
12.68118,2.316963,17.62
12.70478,2.327919,17.62
12.72838,2.3388709999999997,17.62
12.75197,2.3498200000000002,17.62
12.77555,2.360764,17.62
12.79912,2.371705,17.62
12.82269,2.382643,17.62
12.84624,2.393576,17.63
12.86979,2.404506,17.63
12.89332,2.415432,17.63
12.91685,2.426355,17.63
12.94037,2.437274,17.63
12.96388,2.4481889999999997,17.63
12.98738,2.4591,17.63
13.01088,2.470007,17.63
13.034360000000001,2.480911,17.63
13.057839999999999,2.491811,17.63
13.0813,2.502707,17.63
13.10476,2.513599,17.63
13.128210000000001,2.5244869999999997,17.63
13.15165,2.535372,17.63
13.17508,2.546253,17.63
13.1985,2.55713,17.63
13.22192,2.568003,17.63
13.245320000000001,2.578872,17.63
13.268720000000002,2.589738,17.63
13.2921,2.6006,17.63
13.315479999999999,2.6114580000000003,17.63
13.33885,2.622312,17.63
13.362210000000001,2.633162,17.64
13.38556,2.644009,17.64
13.408879999999998,2.654891,17.64
13.432210000000001,2.6657290000000002,17.64
13.45553,2.676564,17.64
13.47884,2.687394,17.64
13.50215,2.6982209999999998,17.64
13.52544,2.709043,17.64
13.548729999999999,2.719862,17.64
13.572,2.730677,17.64
13.595270000000001,2.741488,17.64
13.618529999999998,2.752296,17.64
13.641779999999999,2.763099,17.64
13.665020000000002,2.773898,17.64
13.68825,2.784694,17.64
13.711470000000002,2.795486,17.64
13.734689999999999,2.806274,17.64
13.75789,2.817057,17.64
13.78108,2.8278369999999997,17.64
13.80427,2.838613,17.64
13.82745,2.849386,17.64
13.850610000000001,2.860154,17.64
13.87377,2.870918,17.65
13.896920000000001,2.881679,17.65
13.920060000000001,2.892435,17.65
13.94319,2.903188,17.65
13.96631,2.913936,17.65
13.98942,2.924681,17.65
14.012529999999998,2.935421,17.65
14.035620000000002,2.946158,17.65
14.0587,2.956891,17.65
14.081779999999998,2.96762,17.65
14.10484,2.978345,17.65
14.1279,2.989066,17.65
14.15095,2.9997830000000003,17.65
14.17399,3.010496,17.65
14.19701,3.021205,17.65
14.22003,3.03191,17.65
14.243039999999999,3.042611,17.65
14.26604,3.0533080000000004,17.65
14.28904,3.0640009999999998,17.65
14.31202,3.0746900000000004,17.65
14.33499,3.085375,17.65
14.35795,3.096057,17.65
14.38091,3.106734,17.66
14.40385,3.117407,17.66
14.426789999999999,3.1280759999999996,17.66
14.449710000000001,3.138741,17.66
14.472629999999999,3.1494020000000003,17.66
14.49554,3.160059,17.66
14.518429999999999,3.170712,17.66
14.54132,3.181361,17.66
14.5642,3.192006,17.66
14.58707,3.2026470000000002,17.66
14.609929999999999,3.213284,17.66
14.632779999999999,3.2239169999999997,17.66
14.65562,3.234546,17.66
14.67845,3.24517,17.66
14.701279999999999,3.255791,17.66
14.724089999999999,3.266408,17.66
14.746889999999999,3.27702,17.66
14.76968,3.287629,17.66
14.792470000000002,3.298233,17.66
14.81524,3.3088339999999996,17.66
14.83801,3.31943,17.66
14.86076,3.330023,17.66
14.883510000000001,3.340611,17.66
14.90625,3.3511949999999997,17.67
14.928970000000001,3.361775,17.67
14.95169,3.372351,17.67
14.9744,3.3829230000000003,17.67
14.9971,3.3934910000000005,17.67
15.019789999999999,3.404054,17.67
15.042470000000002,3.414614,17.67
15.06514,3.4251690000000004,17.67
15.0878,3.435721,17.67
15.11045,3.446268,17.67
15.13309,3.456811,17.67
15.15572,3.46735,17.67
15.178339999999999,3.4778849999999997,17.67
15.20095,3.4884160000000004,17.67
15.22355,3.498943,17.67
15.24615,3.509465,17.67
15.26873,3.5199839999999996,17.67
15.2913,3.530498,17.67
15.313870000000001,3.541008,17.67
15.33642,3.551515,17.67
15.358970000000001,3.5620160000000003,17.67
15.3815,3.572514,17.67
15.404029999999999,3.583008,17.67
15.42654,3.593497,17.68
15.44905,3.6039830000000004,17.68
15.47154,3.614464,17.68
15.494029999999999,3.624941,17.68
15.51651,3.635414,17.68
15.53897,3.645882,17.68
15.56143,3.6563470000000002,17.68
15.583879999999999,3.666807,17.68
15.606320000000002,3.677263,17.68
15.628739999999999,3.6877150000000003,17.68
15.65116,3.6981629999999996,17.68
15.673570000000002,3.7086069999999998,17.68
15.69597,3.719046,17.68
15.71836,3.729481,17.68
15.740739999999999,3.7399120000000003,17.68
15.763110000000001,3.750339,17.68
15.785470000000002,3.760762,17.68
15.80781,3.77118,17.68
15.83015,3.781594,17.68
15.852479999999998,3.792004,17.68
15.87481,3.80241,17.68
15.897120000000001,3.812812,17.68
15.91942,3.823209,17.68
15.94171,3.8336019999999995,17.69
15.963989999999999,3.8439910000000004,17.69
15.986260000000001,3.8543760000000002,17.69
16.00852,3.864757,17.69
16.03077,3.8751330000000004,17.69
16.05301,3.885505,17.69
16.07524,3.8958730000000004,17.69
16.09747,3.9062360000000003,17.69
16.11968,3.9165959999999997,17.69
16.14188,3.9269510000000003,17.69
16.164070000000002,3.937301,17.69
16.18625,3.9476480000000005,17.69
16.20843,3.95799,17.69
16.23059,3.968328,17.69
16.25274,3.9786620000000004,17.69
16.27488,3.9889919999999996,17.69
16.29702,3.999317,17.69
16.31914,4.009638,17.69
16.34125,4.019955,17.69
16.36335,4.030267,17.69
16.38545,4.040576000000001,17.69
16.407529999999998,4.05088,17.69
16.4296,4.061179,17.69
16.45166,4.071475,17.69
16.47372,4.081766,17.7
16.49576,4.092053,17.7
16.517789999999998,4.102335,17.7
16.539820000000002,4.112613,17.7
16.56183,4.122887,17.7
16.58383,4.133157,17.7
16.60582,4.143422,17.7
16.62781,4.153683,17.7
16.64978,4.16394,17.7
16.67174,4.174193,17.7
16.69369,4.1844410000000005,17.7
16.71564,4.194684,17.7
16.73757,4.204924,17.7
16.75949,4.215159,17.7
16.78141,4.22539,17.7
16.80331,4.235616,17.7
16.8252,4.245839,17.7
16.84708,4.256056,17.7
16.86895,4.26627,17.7
16.89082,4.276479,17.7
16.912670000000002,4.286683999999999,17.7
16.93451,4.296885,17.7
16.95634,4.307081,17.7
16.97816,4.317273,17.7
16.999979999999997,4.327459999999999,17.71
17.02178,4.337643,17.71
17.043570000000003,4.347822,17.71
17.06535,4.357997,17.71
17.087120000000002,4.368167,17.71
17.10888,4.378332,17.71
17.13063,4.388494000000001,17.71
17.15237,4.398651,17.71
17.1741,4.408803,17.71
17.195829999999997,4.418952,17.71
17.21754,4.4290959999999995,17.71
17.23924,4.439235,17.71
17.26093,4.44937,17.71
17.282610000000002,4.459501,17.71
17.30428,4.469628,17.71
17.32593,4.47975,17.71
17.347579999999997,4.489866999999999,17.71
17.369220000000002,4.499981,17.71
17.39085,4.510089,17.71
17.412470000000003,4.520194,17.71
17.434079999999998,4.5302940000000005,17.71
17.455679999999997,4.54039,17.71
17.47726,4.5504809999999996,17.71
17.498839999999998,4.560568,17.71
17.520410000000002,4.570651,17.71
17.541970000000003,4.580729,17.72
17.56351,4.590802,17.72
17.58505,4.600872,17.72
17.606579999999997,4.610937,17.72
17.62809,4.620997,17.72
17.6496,4.631053,17.72
17.6711,4.6411050000000005,17.72
17.69258,4.651152,17.72
17.71406,4.661194999999999,17.72
17.73552,4.671233,17.72
17.75698,4.681267,17.72
17.77842,4.691296,17.72
17.79985,4.701321,17.72
17.821279999999998,4.711342,17.72
17.84269,4.721358,17.72
17.86409,4.73137,17.72
17.88549,4.741377,17.72
17.90687,4.75138,17.72
17.92824,4.761378,17.72
17.9496,4.771372,17.72
17.97096,4.781361,17.72
17.9923,4.791346,17.72
18.01363,4.801327,17.72
18.03495,4.811303,17.72
18.05626,4.821275,17.73
18.077560000000002,4.831242,17.73
18.09885,4.841205,17.73
18.12013,4.851163,17.73
18.1414,4.861117,17.73
18.16265,4.871066000000001,17.73
18.1839,4.881011,17.73
18.20514,4.8909519999999995,17.73
18.226370000000003,4.900888,17.73
18.24759,4.910819,17.73
18.26879,4.920746,17.73
18.28999,4.930669,17.73
18.31117,4.940587,17.73
18.33235,4.9505,17.73
18.35351,4.960408999999999,17.73
18.374670000000002,4.970314,17.73
18.39581,4.980214,17.73
18.41695,4.99011,17.73
18.43807,5.000001,17.73
18.45918,5.009887,17.73
18.48029,5.019769,17.73
18.501379999999997,5.029647,17.73
18.52246,5.0395199999999996,17.73
18.54353,5.049389,17.73
18.56459,5.059253,17.73
18.585639999999998,5.069113,17.73
18.606679999999997,5.078968,17.74
18.62771,5.088818,17.74
18.64873,5.0986650000000004,17.74
18.66974,5.108505999999999,17.74
18.690739999999998,5.118343,17.74
18.71173,5.128176,17.74
18.73271,5.1380040000000005,17.74
18.75367,5.147828,17.74
18.77463,5.157647,17.74
18.795579999999998,5.167462,17.74
18.81651,5.177272,17.74
18.83744,5.187078,17.74
18.85835,5.196879,17.74
18.879260000000002,5.206675,17.74
18.90015,5.216467,17.74
18.921039999999998,5.226255,17.74
18.94191,5.236038,17.74
18.962770000000003,5.2458160000000005,17.74
18.983629999999998,5.25559,17.74
19.00447,5.26536,17.74
19.0253,5.275125,17.74
19.046120000000002,5.284885,17.74
19.06693,5.294641,17.74
19.08773,5.304392,17.74
19.108520000000002,5.314138,17.74
19.1293,5.323881,17.74
19.15007,5.333618,17.75
19.17083,5.343351,17.75
19.191570000000002,5.35308,17.75
19.212310000000002,5.3628029999999995,17.75
19.23304,5.372523,17.75
19.25375,5.382238,17.75
19.27446,5.391948,17.75
19.29515,5.401653,17.75
19.31583,5.411354,17.75
19.33651,5.421051,17.75
19.35717,5.430743,17.75
19.37782,5.44043,17.75
19.39846,5.450113,17.75
19.4191,5.459791,17.75
19.43972,5.4694650000000005,17.75
19.46033,5.479133999999999,17.75
19.480929999999997,5.488798,17.75
19.50153,5.498463,17.75
19.52211,5.508118,17.75
19.54267,5.517769,17.75
19.563229999999997,5.527415,17.75
19.583779999999997,5.537056,17.75
19.60431,5.546693,17.75
19.62484,5.556326,17.75
19.64535,5.5659529999999995,17.75
19.665860000000002,5.575577,17.75
19.68635,5.585195,17.76
19.70683,5.594809,17.76
19.72731,5.604419,17.76
19.747770000000003,5.614023,17.76
19.76822,5.623623,17.76
19.78866,5.633218,17.76
19.809089999999998,5.642809,17.76
19.82951,5.652394999999999,17.76
19.84992,5.661976,17.76
19.87031,5.671553,17.76
19.8907,5.681126,17.76
19.91108,5.6906930000000004,17.76
19.93144,5.7002559999999995,17.76
19.9518,5.709815,17.76
19.97214,5.719368,17.76
19.99248,5.728918,17.76
20.0128,5.738462,17.76
20.03311,5.748002,17.76
20.05341,5.757537,17.76
20.0737,5.767068,17.76
20.093989999999998,5.776594,17.76
20.11425,5.786115000000001,17.76
20.134510000000002,5.795632,17.76
20.15476,5.805144,17.76
20.175,5.814652,17.76
20.19523,5.824155,17.76
20.21544,5.833653,17.76
20.23565,5.843147,17.77
20.25585,5.852636,17.77
20.27603,5.86212,17.77
20.2962,5.8716,17.77
20.316370000000003,5.881075,17.77
20.33652,5.8905449999999995,17.77
20.35666,5.900011,17.77
20.37679,5.909472,17.77
20.396910000000002,5.918929,17.77
20.41702,5.928381,17.77
20.43712,5.937828,17.77
20.45721,5.94727,17.77
20.47729,5.956708,17.77
20.49736,5.966142,17.77
20.51741,5.975569999999999,17.77
20.53746,5.984992,17.77
20.557489999999998,5.994411,17.77
20.57752,6.003824,17.77
20.59753,6.013234,17.77
20.617539999999998,6.022639,17.77
20.637529999999998,6.03204,17.77
20.657510000000002,6.041436,17.77
20.67748,6.050827,17.77
20.69744,6.060214,17.77
20.717389999999998,6.069595,17.77
20.73733,6.078972,17.77
20.757260000000002,6.0883449999999995,17.77
20.777179999999998,6.0977120000000005,17.78
20.797079999999998,6.107075,17.78
20.81707,6.116585,17.78
20.83696,6.125939,17.78
20.85683,6.135288,17.78
20.87669,6.144633,17.78
20.89655,6.153973000000001,17.78
20.91639,6.163308,17.78
20.936220000000002,6.172639,17.78
20.956039999999998,6.181965,17.78
20.97585,6.191286,17.78
20.99565,6.200603,17.78
21.01543,6.2099150000000005,17.78
21.03521,6.219222,17.78
21.05498,6.228524,17.78
21.07473,6.237822,17.78
21.094479999999997,6.247115,17.78
21.11421,6.256404,17.78
21.13393,6.265687000000001,17.78
21.15365,6.274966,17.78
21.17335,6.284241000000001,17.78
21.19304,6.2935099999999995,17.78
21.21272,6.302775,17.78
21.23239,6.312036,17.78
21.25205,6.321291,17.78
21.2717,6.3305419999999994,17.78
21.29133,6.3397879999999995,17.78
21.31096,6.34903,17.78
21.330579999999998,6.358266,17.79
21.350179999999998,6.367499,17.79
21.369770000000003,6.376726000000001,17.79
21.38936,6.385949,17.79
21.408929999999998,6.395166000000001,17.79
21.42849,6.404380000000001,17.79
21.44804,6.413588,17.79
21.467579999999998,6.422791999999999,17.79
21.48711,6.431991,17.79
21.506629999999998,6.441186,17.79
21.526139999999998,6.450375,17.79
21.54564,6.45956,17.79
21.56512,6.46874,17.79
21.5846,6.4779160000000005,17.79
21.60406,6.487087,17.79
21.623520000000003,6.496253,17.79
21.642960000000002,6.505414,17.79
21.66239,6.514571,17.79
21.681820000000002,6.523723,17.79
21.70123,6.53287,17.79
21.72063,6.542012000000001,17.79
21.74002,6.55115,17.79
21.7594,6.560283,17.79
21.778760000000002,6.569412,17.79
21.79812,6.578536,17.79
21.81747,6.587655000000001,17.79
21.8368,6.596769999999999,17.79
21.85613,6.605878999999999,17.79
21.87544,6.614985000000001,17.79
21.89475,6.624085000000001,17.8
21.91404,6.63318,17.8
21.933320000000002,6.642271000000001,17.8
21.95259,6.651357000000001,17.8
21.97185,6.660439,17.8
21.9911,6.669515,17.8
22.01034,6.678586999999999,17.8
22.02957,6.687653999999999,17.8
22.04879,6.696717,17.8
22.067989999999998,6.705775,17.8
22.08719,6.7148270000000005,17.8
22.106370000000002,6.723876,17.8
22.12554,6.732919,17.8
22.14471,6.741958,17.8
22.16386,6.750992,17.8
22.183,6.760021000000001,17.8
22.20213,6.769044999999999,17.8
22.22125,6.778065,17.8
22.24036,6.7870800000000004,17.8
22.25946,6.7960899999999995,17.8
22.27855,6.805096000000001,17.8
22.297620000000002,6.814096000000001,17.8
22.316689999999998,6.823092,17.8
22.335739999999998,6.832084,17.8
22.354789999999998,6.841069999999999,17.8
22.373820000000002,6.850052000000001,17.8
22.39284,6.859029,17.8
22.41186,6.868001,17.8
22.43086,6.876967999999999,17.8
22.44985,6.885930999999999,17.81
22.46883,6.894889999999999,17.81
22.48779,6.903842999999999,17.81
22.50675,6.912792,17.81
22.5257,6.921735000000001,17.81
22.544629999999998,6.930674000000001,17.81
22.56356,6.939608,17.81
22.58247,6.948538,17.81
22.60138,6.957462,17.81
22.62027,6.966382,17.81
22.63915,6.975297,17.81
22.65802,6.984208,17.81
22.67688,6.993113,17.81
22.695729999999998,7.002014,17.81
22.714570000000002,7.010910000000001,17.81
22.7334,7.019800999999999,17.81
22.75222,7.028688000000001,17.81
22.77102,7.03757,17.81
22.789820000000002,7.046447,17.81
22.8086,7.055319,17.81
22.827370000000002,7.064186,17.81
22.84614,7.073049,17.81
22.86489,7.081907000000001,17.81
22.88363,7.09076,17.81
22.90236,7.099608,17.81
22.92108,7.108452000000001,17.81
22.93979,7.117291000000001,17.81
22.958479999999998,7.126125,17.81
22.97717,7.134954,17.81
22.99585,7.143778999999999,17.81
23.01451,7.152597999999999,17.82
23.033170000000002,7.1614130000000005,17.82
23.05181,7.170223,17.82
23.070439999999998,7.179028999999999,17.82
23.08906,7.187829,17.82
23.10768,7.196625,17.82
23.126279999999998,7.2054160000000005,17.82
23.14486,7.214202,17.82
23.163439999999998,7.222983999999999,17.82
23.182010000000002,7.23176,17.82
23.200570000000003,7.240532000000001,17.82
23.21911,7.249299000000001,17.82
23.23765,7.258062,17.82
23.25617,7.266819,17.82
23.27469,7.275572,17.82
23.29319,7.28432,17.82
23.31168,7.293063,17.82
23.33016,7.301800999999999,17.82
23.34863,7.310535000000001,17.82
23.36709,7.319263,17.82
23.38554,7.327986999999999,17.82
23.403979999999997,7.3367070000000005,17.82
23.42241,7.345421000000001,17.82
23.440820000000002,7.354131,17.82
23.459229999999998,7.3628350000000005,17.82
23.47762,7.371535000000001,17.82
23.496010000000002,7.380231,17.82
23.51438,7.388921000000001,17.82
23.53274,7.397607000000001,17.82
23.55109,7.406287,17.82
23.56943,7.414963,17.82
23.58776,7.423635000000001,17.83
23.60608,7.432302,17.83
23.62439,7.440964,17.83
23.642689999999998,7.449622,17.83
23.660970000000002,7.458274,17.83
23.67925,7.466922,17.83
23.69752,7.475565,17.83
23.715770000000003,7.484203,17.83
23.73401,7.492837,17.83
23.75225,7.501465,17.83
23.77047,7.510089,17.83
23.78868,7.518708,17.83
23.80688,7.527324,17.83
23.82507,7.535933999999999,17.83
23.84325,7.544538,17.83
23.861420000000003,7.553138000000001,17.83
23.87957,7.561733,17.83
23.89772,7.570322999999999,17.83
23.915860000000002,7.578908,17.83
23.93398,7.587489,17.83
23.95209,7.596064,17.83
23.9702,7.604635000000001,17.83
23.98829,7.613200999999999,17.83
24.00609,7.621928,17.83
24.024160000000002,7.630484,17.83
24.04222,7.639035000000001,17.83
24.060270000000003,7.647581,17.83
24.078310000000002,7.656122,17.83
24.09633,7.6646589999999994,17.83
24.11435,7.673189999999999,17.83
24.13235,7.681717,17.83
24.15035,7.690239,17.83
24.168329999999997,7.6987570000000005,17.84
24.18631,7.707269,17.84
24.20427,7.715777,17.84
24.22222,7.724278999999999,17.84
24.24016,7.7327770000000005,17.84
24.25809,7.741271,17.84
24.27601,7.749759,17.84
24.29392,7.758242999999999,17.84
24.31182,7.766721,17.84
24.3297,7.775195,17.84
24.347579999999997,7.783664,17.84
24.36544,7.792128999999999,17.84
24.3833,7.800588,17.84
24.401139999999998,7.809042999999999,17.84
24.41897,7.817492999999999,17.84
24.43679,7.825938000000001,17.84
24.45461,7.834378,17.84
24.47241,7.8428130000000005,17.84
24.4902,7.851244,17.84
24.50797,7.859669,17.84
24.52574,7.86809,17.84
24.5435,7.876506,17.84
24.56125,7.884917999999999,17.84
24.578979999999998,7.893324000000001,17.84
24.59671,7.901725999999999,17.84
24.614420000000003,7.910122,17.84
24.63212,7.918514,17.84
24.649810000000002,7.926902,17.84
24.6675,7.935283999999999,17.84
24.68517,7.943661,17.84
24.70283,7.952033999999999,17.84
24.72048,7.960402,17.84
24.73811,7.968764999999999,17.84
24.75574,7.977123,17.85
24.77336,7.985477,17.85
24.790960000000002,7.993825,17.85
24.80856,8.002169,17.85
24.82614,8.010508,17.85
24.84372,8.018842,17.85
24.861279999999997,8.027171000000001,17.85
24.878829999999997,8.035497,17.85
24.896379999999997,8.043817,17.85
24.91391,8.052133,17.85
24.93143,8.060444,17.85
24.94894,8.06875,17.85
24.96644,8.077050999999999,17.85
24.983929999999997,8.085348,17.85
25.00141,8.093639,17.85
25.01888,8.101925999999999,17.85
25.03633,8.110208,17.85
25.05378,8.118485,17.85
25.07121,8.126757000000001,17.85
25.088639999999998,8.135025,17.85
25.10605,8.143286999999999,17.85
25.12346,8.151545,17.85
25.14085,8.159798,17.85
25.15823,8.168046,17.85
25.1756,8.17629,17.85
25.19296,8.184528,17.85
25.21031,8.192762,17.85
25.22765,8.200991,17.85
25.244970000000002,8.209214999999999,17.85
25.26229,8.217433999999999,17.85
25.2796,8.225648,17.85
25.296889999999998,8.233857,17.85
25.31418,8.242061999999999,17.85
25.33145,8.250262,17.85
25.34872,8.258457,17.86
25.36597,8.266647,17.86
25.383210000000002,8.274832,17.86
25.40044,8.283013,17.86
25.41766,8.291189,17.86
25.43487,8.299358999999999,17.86
25.452070000000003,8.307525,17.86
25.469260000000002,8.315686,17.86
25.48643,8.323843,17.86
25.5036,8.331994,17.86
25.52076,8.340141000000001,17.86
25.5379,8.348283,17.86
25.55503,8.35642,17.86
25.57216,8.364552,17.86
25.589270000000003,8.372679,17.86
25.606370000000002,8.380802000000001,17.86
25.62346,8.388919,17.86
25.640539999999998,8.397032000000001,17.86
25.657610000000002,8.40514,17.86
25.674670000000003,8.413243,17.86
25.69172,8.421341,17.86
25.70876,8.429434,17.86
25.72578,8.437522,17.86
25.7428,8.445605,17.86
25.7598,8.453683,17.86
25.77679,8.461756,17.86
25.793779999999998,8.469825,17.86
25.81075,8.477888,17.86
25.82771,8.485947,17.86
25.84466,8.494000999999999,17.86
25.8616,8.50205,17.86
25.878529999999998,8.510094,17.86
25.89545,8.518134,17.86
25.91235,8.526167999999998,17.86
25.92925,8.534198,17.86
25.94614,8.542223,17.87
25.96301,8.550243,17.87
25.979879999999998,8.558259,17.87
25.99673,8.566269,17.87
26.01357,8.574274,17.87
26.03041,8.582275,17.87
26.04723,8.590271000000001,17.87
26.06404,8.598262,17.87
26.08084,8.606247999999999,17.87
26.09763,8.614230000000001,17.87
26.11441,8.622206,17.87
26.13118,8.630177999999999,17.87
26.14793,8.638145,17.87
26.16468,8.646107,17.87
26.181420000000003,8.654064,17.87
26.19814,8.662017,17.87
26.214859999999998,8.669964,17.87
26.231559999999998,8.677907000000001,17.87
26.24826,8.685845,17.87
26.264940000000003,8.693778,17.87
26.281609999999997,8.701706,17.87
26.298270000000002,8.709629,17.87
26.31492,8.717547999999999,17.87
26.331559999999996,8.725461,17.87
26.348190000000002,8.733369999999999,17.87
26.36481,8.741274,17.87
26.381420000000002,8.749172999999999,17.87
26.398020000000002,8.757067999999999,17.87
26.414609999999996,8.764957,17.87
26.431179999999998,8.772842,17.87
26.44775,8.780721,17.87
26.4643,8.788596,17.87
26.48085,8.796467,17.87
26.49738,8.804332,17.87
26.5139,8.812192,17.87
26.53042,8.820047,17.87
26.54692,8.827898,17.88
26.563409999999998,8.835742999999999,17.88
26.579890000000002,8.843584,17.88
26.596359999999997,8.85142,17.88
26.612820000000003,8.859250999999999,17.88
26.62927,8.867077,17.88
26.6457,8.874898,17.88
26.662129999999998,8.882715,17.88
26.67855,8.890526,17.88
26.69495,8.898333000000001,17.88
26.71135,8.906135,17.88
26.727729999999998,8.913933,17.88
26.7441,8.921725,17.88
26.76047,8.929511999999999,17.88
26.77682,8.937294999999999,17.88
26.793159999999997,8.945072999999999,17.88
26.809490000000004,8.952846000000001,17.88
26.825809999999997,8.960614,17.88
26.84212,8.968377,17.88
26.858420000000002,8.976136,17.88
26.874709999999997,8.983889,17.88
26.89098,8.9916,17.88
26.90725,8.999344,17.88
26.923509999999997,9.007083999999999,17.88
26.939759999999996,9.014818,17.88
26.955990000000003,9.022548,17.88
26.97222,9.030273,17.88
26.98844,9.037993,17.88
27.004640000000002,9.045708,17.88
27.02083,9.053417999999999,17.88
27.037020000000002,9.061124000000001,17.88
27.05319,9.068824000000001,17.88
27.06935,9.07652,17.88
27.0855,9.084211,17.88
27.10165,9.091897,17.88
27.11778,9.099578999999999,17.88
27.1339,9.107255,17.88
27.150009999999998,9.114927,17.88
27.166109999999996,9.122594,17.89
27.182190000000002,9.130256,17.89
27.19827,9.137913000000001,17.89
27.214340000000004,9.145565,17.89
27.2304,9.153213000000001,17.89
27.246440000000003,9.160855,17.89
27.26248,9.168493,17.89
27.2785,9.176126,17.89
27.294520000000002,9.183753999999999,17.89
27.31052,9.191378,17.89
27.32651,9.198996000000001,17.89
27.3425,9.206610000000001,17.89
27.35847,9.214219,17.89
27.37443,9.221822999999999,17.89
27.39038,9.229422,17.89
27.40632,9.237016,17.89
27.42225,9.244605,17.89
27.43817,9.252189999999999,17.89
27.454079999999998,9.25977,17.89
27.46998,9.267344999999999,17.89
27.485870000000002,9.274915,17.89
27.50175,9.28248,17.89
27.51762,9.290041,17.89
27.53347,9.297597,17.89
27.54932,9.305147,17.89
27.56515,9.312694,17.89
27.58098,9.320235,17.89
27.596790000000002,9.327771,17.89
27.6126,9.335303,17.89
27.628390000000003,9.342829,17.89
27.644170000000003,9.350351,17.89
27.65995,9.357868,17.89
27.67571,9.36538,17.89
27.69146,9.372888,17.89
27.7072,9.38039,17.89
27.722929999999998,9.387888,17.89
27.73865,9.395381,17.89
27.75436,9.402869,17.89
27.770059999999997,9.410353,17.89
27.78575,9.417831,17.9
27.80143,9.425305,17.9
27.8171,9.432774,17.9
27.83275,9.440238,17.9
27.8484,9.447697,17.9
27.864040000000003,9.455150999999999,17.9
27.879659999999998,9.462601,17.9
27.89528,9.470044999999999,17.9
27.91088,9.477485,17.9
27.926479999999998,9.484919999999999,17.9
27.942059999999998,9.49235,17.9
27.95764,9.499775999999999,17.9
27.9732,9.507196,17.9
27.98875,9.514612,17.9
28.00429,9.522022999999999,17.9
28.01983,9.529428999999999,17.9
28.03535,9.53683,17.9
28.050859999999997,9.544227000000001,17.9
28.066359999999996,9.551619,17.9
28.08185,9.559005,17.9
28.09733,9.566386999999999,17.9
28.1128,9.573764,17.9
28.128259999999997,9.581137,17.9
28.14371,9.588503999999999,17.9
28.15914,9.595867,17.9
28.174570000000003,9.603225,17.9
28.18999,9.610578,17.9
28.20539,9.617925999999999,17.9
28.22079,9.625269,17.9
28.236179999999997,9.632608,17.9
28.25155,9.639942,17.9
28.266920000000002,9.647271,17.9
28.28227,9.654595,17.9
28.297620000000002,9.661914,17.9
28.31295,9.669229,17.9
28.32828,9.676538,17.9
28.343590000000003,9.683843,17.9
28.358890000000002,9.691142999999999,17.9
28.37418,9.698438000000001,17.9
28.389470000000003,9.705729,17.9
28.404740000000004,9.713014,17.9
28.42,9.720295,17.91
28.43525,9.727571000000001,17.91
28.450490000000002,9.734842,17.91
28.46572,9.742109,17.91
28.480940000000004,9.749369999999999,17.91
28.49615,9.756627,17.91
28.51135,9.763879,17.91
28.52654,9.771125999999999,17.91
28.54172,9.778369,17.91
28.55688,9.785606,17.91
28.57204,9.792839,17.91
28.587190000000003,9.800067,17.91
28.60233,9.80729,17.91
28.61745,9.814508,17.91
28.63257,9.821721,17.91
28.647679999999998,9.82893,17.91
28.662770000000002,9.836134,17.91
28.67786,9.843333,17.91
28.69293,9.850527,17.91
28.708,9.857716,17.91
28.72305,9.864901,17.91
28.7381,9.872081,17.91
28.75313,9.879255,17.91
28.76815,9.886426,17.91
28.783170000000002,9.893591,17.91
28.798170000000002,9.900751,17.91
28.813159999999996,9.907907000000002,17.91
28.82815,9.915058,17.91
28.843120000000003,9.922203999999999,17.91
28.858079999999998,9.929345,17.91
28.87303,9.936482,17.91
28.887970000000003,9.943614,17.91
28.9029,9.95074,17.91
28.917820000000003,9.957863,17.91
28.93273,9.96498,17.91
28.94763,9.972092,17.91
28.96252,9.9792,17.91
28.9774,9.986303,17.91
28.99227,9.993400999999999,17.91
29.00713,10.00049,17.91
29.02198,10.00758,17.91
29.036820000000002,10.014669999999999,17.91
29.05165,10.02174,17.91
29.066470000000002,10.02882,17.91
29.08127,10.03589,17.92
29.09607,10.04295,17.92
29.11086,10.05001,17.92
29.125629999999997,10.05707,17.92
29.1404,10.064119999999999,17.92
29.15516,10.07116,17.92
29.1699,10.0782,17.92
29.18464,10.085239999999999,17.92
29.199370000000002,10.09227,17.92
29.21408,10.0993,17.92
29.228790000000004,10.10632,17.92
29.243479999999998,10.11333,17.92
29.25817,10.12035,17.92
29.272840000000002,10.12735,17.92
29.287509999999997,10.134360000000001,17.92
29.302159999999997,10.14135,17.92
29.316809999999997,10.14835,17.92
29.33144,10.155330000000001,17.92
29.34607,10.16232,17.92
29.36068,10.16929,17.92
29.37528,10.17627,17.92
29.389879999999998,10.18324,17.92
29.404459999999997,10.1902,17.92
29.41903,10.19716,17.92
29.4336,10.20411,17.92
29.44815,10.21106,17.92
29.462690000000002,10.218010000000001,17.92
29.47725,10.22507,17.92
29.49178,10.232,17.92
29.506290000000003,10.23893,17.92
29.52079,10.24586,17.92
29.53528,10.25278,17.92
29.54976,10.259689999999999,17.92
29.56424,10.26661,17.92
29.5787,10.27351,17.92
29.59315,10.28041,17.92
29.607590000000002,10.28731,17.92
29.622020000000003,10.2942,17.92
29.636440000000004,10.30109,17.92
29.65085,10.30797,17.92
29.66525,10.31485,17.92
29.679640000000003,10.32172,17.92
29.694020000000002,10.32859,17.92
29.70839,10.33545,17.92
29.72275,10.342310000000001,17.92
29.7371,10.349160000000001,17.92
29.751440000000002,10.356010000000001,17.93
29.76577,10.36285,17.93
29.78009,10.36969,17.93
29.7944,10.37653,17.93
29.8087,10.38336,17.93
29.82299,10.39018,17.93
29.83727,10.397,17.93
29.851540000000004,10.40382,17.93
29.8658,10.410630000000001,17.93
29.88005,10.41743,17.93
29.89429,10.42423,17.93
29.908520000000003,10.43103,17.93
29.92274,10.43782,17.93
29.936940000000003,10.44461,17.93
29.951140000000002,10.45139,17.93
29.965329999999998,10.458169999999999,17.93
29.979509999999998,10.464939999999999,17.93
29.993679999999998,10.47171,17.93
30.00784,10.47847,17.93
30.021990000000002,10.48523,17.93
30.03612,10.49198,17.93
30.05025,10.49873,17.93
30.06437,10.505469999999999,17.93
30.07848,10.512210000000001,17.93
30.092579999999998,10.518939999999999,17.93
30.106659999999998,10.52567,17.93
30.12074,10.5324,17.93
30.134809999999998,10.53912,17.93
30.148870000000002,10.54583,17.93
30.16292,10.552539999999999,17.93
30.176959999999998,10.55925,17.93
30.19098,10.56595,17.93
30.205,10.57264,17.93
30.219009999999997,10.57934,17.93
30.233009999999997,10.58602,17.93
30.246990000000004,10.5927,17.93
30.26097,10.59938,17.93
30.27494,10.60605,17.93
30.2889,10.61272,17.93
30.30285,10.61938,17.93
30.316779999999998,10.62604,17.93
30.330709999999996,10.63269,17.93
30.34463,10.639339999999999,17.93
30.35854,10.64598,17.93
30.37244,10.652619999999999,17.93
30.38632,10.65926,17.93
30.4002,10.66589,17.93
30.414070000000002,10.67251,17.93
30.42793,10.67913,17.93
30.441779999999998,10.68574,17.94
30.455609999999997,10.69235,17.94
30.469440000000002,10.698960000000001,17.94
30.483259999999998,10.70556,17.94
30.49707,10.71216,17.94
30.51087,10.71875,17.94
30.524659999999997,10.72533,17.94
30.53844,10.731910000000001,17.94
30.5522,10.738489999999999,17.94
30.565959999999997,10.74506,17.94
30.57971,10.75163,17.94
30.59345,10.758189999999999,17.94
30.60718,10.76475,17.94
30.6209,10.7713,17.94
30.63461,10.77785,17.94
30.64831,10.7844,17.94
30.662,10.790939999999999,17.94
30.67568,10.79747,17.94
30.68935,10.804,17.94
30.70301,10.81052,17.94
30.716659999999997,10.817039999999999,17.94
30.7303,10.82356,17.94
30.74393,10.83007,17.94
30.75755,10.83657,17.94
30.77116,10.84308,17.94
30.78476,10.84957,17.94
30.79835,10.856060000000001,17.94
30.81193,10.86255,17.94
30.8255,10.86903,17.94
30.839059999999996,10.87551,17.94
30.85261,10.88198,17.94
30.86615,10.88845,17.94
30.87968,10.894910000000001,17.94
30.8932,10.90137,17.94
30.90672,10.90782,17.94
30.92022,10.91427,17.94
30.933709999999998,10.92071,17.94
30.947190000000003,10.92715,17.94
30.960659999999997,10.933589999999999,17.94
30.97413,10.94002,17.94
30.987579999999998,10.946439999999999,17.94
31.00102,10.952860000000001,17.94
31.01445,10.95928,17.94
31.02788,10.965689999999999,17.94
31.041290000000004,10.97209,17.94
31.05469,10.978489999999999,17.94
31.06809,10.98489,17.94
31.08147,10.99128,17.94
31.09484,10.99767,17.94
31.108209999999996,11.00405,17.94
31.12156,11.01043,17.94
31.134909999999998,11.0168,17.94
31.14824,11.02317,17.94
31.16157,11.029530000000001,17.95
31.174879999999998,11.03589,17.95
31.188190000000002,11.04225,17.95
31.201490000000003,11.0486,17.95
31.21477,11.05494,17.95
31.22805,11.06128,17.95
31.24131,11.06761,17.95
31.25457,11.073939999999999,17.95
31.26782,11.08027,17.95
31.281059999999997,11.08659,17.95
31.29428,11.09291,17.95
31.3075,11.099219999999999,17.95
31.32071,11.10553,17.95
31.333909999999996,11.11183,17.95
31.3471,11.11812,17.95
31.36028,11.124419999999999,17.95
31.37345,11.1307,17.95
31.386609999999997,11.136989999999999,17.95
31.399759999999997,11.14327,17.95
31.4129,11.14954,17.95
31.426029999999997,11.15581,17.95
31.43915,11.16207,17.95
31.45226,11.168330000000001,17.95
31.465429999999998,11.17453,17.95
31.47852,11.18078,17.95
31.4916,11.18703,17.95
31.50468,11.19327,17.95
31.517740000000003,11.1995,17.95
31.530790000000003,11.205739999999999,17.95
31.543840000000003,11.211960000000001,17.95
31.55687,11.21819,17.95
31.5699,11.2244,17.95
31.58291,11.23062,17.95
31.59592,11.23682,17.95
31.608909999999998,11.243030000000001,17.95
31.6219,11.24923,17.95
31.634870000000003,11.255419999999999,17.95
31.647840000000002,11.261610000000001,17.95
31.6608,11.26779,17.95
31.673740000000002,11.27397,17.95
31.68668,11.28015,17.95
31.699609999999996,11.28632,17.95
